tSetKeys:[139, 3, 101, 99, 67, 40, 106, 47, 21, 144, 145, 58, 27, 56, 88]
eSetKeys:[0, 1, 2, 4, 5, 6, 7, 8, 9, 10, 11, 12, 13, 14, 15, 17, 16, 19, 18, 20, 23, 22, 25, 24, 26, 29, 28, 31, 30, 34, 35, 32, 33, 38, 39, 36, 37, 42, 43, 41, 46, 44, 45, 51, 50, 49, 48, 55, 54, 53, 52, 59, 57, 63, 62, 61, 60, 68, 69, 70, 71, 64, 65, 66, 76, 77, 78, 79, 72, 73, 74, 75, 85, 84, 87, 86, 81, 80, 83, 82, 93, 92, 95, 94, 89, 91, 90, 102, 103, 100, 98, 96, 97, 110, 111, 108, 109, 107, 104, 105, 119, 118, 117, 116, 115, 114, 113, 112, 127, 126, 125, 124, 123, 122, 121, 120, 137, 136, 138, 141, 140, 143, 142, 129, 128, 131, 130, 133, 132, 135, 134, 146, 147, 148, 149]
0 0.26666668 0.34074074
